14
14
14
14
14
14
14
14
14
14
14
14
14
14
14
14
14
14
14
14
14
14
14
14
14
14
14
14
14
14
14
14
14
145
145
145
145
14
145
145
145
145
145
145
145
145
145
145
145
1456
1456
12456
12456
145
1456
1456
14
14
14
14
14
14
14
14
1
14
16
146
16
16
146
16
146
16
146
146
16
146
16
146
1456
146
1456
1456
1456
146
146
146
16
16
146
16
14
14
14
14
245
24
4
4
4
4
4
24
14
124
124
14
14
14
14
14
14
14
14
14
14
4
4
4
4
4
4
4
4
4
4
24
2
124
24
24
24
24
24
24
24
4

1
1
1
1
1
1
1
1
1
1

24
24
4

6





4
4
4
4
4



















14
14
14
145
1456
1456
1456
1456
1456
1456
1456
146
146
1456
1456
1456
1456
1456
1456
1456
1456
1456
1456
1456
1456
1456
1456
1456
1456
1456
1456
1456
1456
1456
1456
1456
1456
1456
1456
1456
1456
1456
1456
1456
1456
1456
1456
146
146
14
14
14
146
1456
1456
1456
1456
1456
1456
1456
1456
1456
1456
146
146
146
146
1456
1456
1456
1456
1456
1456
1456
1456
1456
1456
1456
1456
1456
1456
1456
1456
1456
1456
1456
1456
1456
1456
146
1456
1456
1456
1456
1456
1456
1456
1456
1456
1456
1456
1456
1456
1456
1456
1456
1456
1456
1456
1456
1456
1456
1456
1456
1456
1456
1456
1456
1456
1456
1456
1456
1456
1456
1456
1456
1456
1456
1456
1456
1456
1456
1456
1456
1456
1456
1456
1456
1456
1456
1456
1456
1456
1456
1456
1456
1456
1456
1456
1456
1456
1456
1456
1456
1456
1456
1456
1456
1456
145
14
14
14
14
14
14
14
14
14
14
14
14
14
146
1456
146
1456
1456
146
146
1456
1456
1456
1456
1456
1456
1456
1456
146
1456
1456
12456
2456
1456
146
14
124
24
24
24
24
14
14
14
14
4
14
4
4
4
24
24
24
24
24
124
14
14
14
14
14
14
14
14
14
145
14
145
1245
1245
14
1245
124
14
14
1
1246
14
124
1245
1245
14
14
14
1456
1456
14
14
1
14
1
4

4
4
4
6
1456
16
14
14
14
14
14
146
1456
1456
1456
1456
1456
146
146
146
14
146
146
14

4


14
1456
145
1456
145
1456
145
1456
145
1456
1456
145
146
14
14
14
14
14
14
146
146
14
124
14
14
14
146
146
146
14
14
145
145
146
146
1456
146
146
146
146
146
146
146
146
146
146
146
146
146
146
146
1456
146
146
146
146
146
146
146
146
1456
1456
1456
1456
1456
1456
1456
1456
1456
1456
1456
1456
1456
146
1456
1456
1456
1456
1456
124

5







4
4
6
4
14
14
14
14
145
1456
12456
246
145
145
1



4
24
24
124
4
4
4
4
4
4
14
14
4
4
4
4
14
14
14
1
4
4
14
4
14
14
14
14
14
146
6
4
14
14
14
14
16

14
14
16
16
16
1
16
1
16
16
146
16
16
146
146
146
146
146
146
14
146
14
14
14
146
146
146
146
146
146
146
4
14
14
14
14
14
14
14
14
14
14
14
14
14
14
14
14
14
14
16
16
16
146
16
16
16
16
146
14
14
14
14
12
2
124
14
14
14
14
14
14
14
14
14
14
14
14
14
14
14
14
14
14
14
14
14
14
14
14
14
14
14
14
14
14
14
14
124
14
14
